11000
11000
11000
11000
11000
11000
11000
11000
11000
11000
11000
11000
11000
11000
11000
11000
11000
11000
11000
11000
11000
11000
11000
11000
11000
11000
11000
11000
11000
11000
12000
12000
12000
12000
12000
12000
12000
12000
12000
12000
12000
12000
12000
12000
12000
12000
12000
12000
12000
12000
12000
12000
12000
12000
12000
12000
12000
12000
12000
12000
13000
13000
13000
13000
13000
13000
13000
13000
13000
13000
13000
13000
13000
13000
13000
13000
13000
13000
13000
13000
13000
13000
13000
13000
13000
13000
13000
13000
13000
13000
21140
21140
21220
21140
21400
21210
21140
21220
21241
21241
21241
21220
21400
21230
21110
21140
21220
21120
21241
21140
21400
21400
21400
21220
21140
21130
21140
21241
21140
21140
31000
31000
31000
31000
31000
31000
31000
31000
31000
31000
31000
31000
31000
31000
31000
31000
31000
31000
31000
31000
31000
31000
31000
31000
31000
31000
31000
31000
31000
31000
32000
32000
32000
32000
32000
32000
32000
32000
32000
32000
32000
32000
32000
32000
32000
32000
32000
32000
32000
32000
32000
32000
32000
32000
32000
32000
32000
32000
32000
32000
41000
41000
41000
41000
41000
41000
41000
41000
41000
41000
41000
41000
41000
41000
41000
41000
41000
41000
41000
41000
41000
41000
41000
41000
41000
41000
41000
41000
41000
41000
42000
42000
42000
42000
42000
42000
42000
42000
42000
42000
42000
42000
42000
42000
42000
42000
42000
42000
42000
42000
42000
42000
42000
42000
42000
42000
42000
42000
42000
42000
