13.750767530521	13.6793926440761	14.1669964599155	13.9442440656672	13.9719524421822	13.98477749459	14.0456928501576	14.2827313064342	13.642591729097	13.7368611649578	14.1004733726127	13.693666215105	13.9067278279436	13.7819770582578	14.0074077932592	14.208013956285	14.317012512657	14.2317171517522	13.9375976705469	14.6205471684658	14.0437392614161	14.2090474706061	14.2218955410718	13.9984553096926	13.8148852402737
14.6215010894563	14.0862132803287	13.9147229567365	14.0791516897538	13.9936570272165	13.6318608294792	14.2789005986983	13.9480961081931	13.9032149646813	13.9024879928016	13.9408409724614	13.9089714335021	14.0246421326324	13.8442364105035	13.6729748816882	13.9362173555486	14.1611817204322	13.8216945117499	13.780585082395	14.1154044815788	13.8892930420905	14.1464940440465	13.7357745766453	13.9228127905813	14.3281939473562
14.0413548491135	14.1189687215428	13.9477303638998	13.9900400091538	13.9927896116909	13.9046787984232	13.9807170220084	14.0722571762471	14.1350136935237	14.1017060601555	13.7364605112465	13.8593080900031	13.8916673445722	13.9873732134882	13.5601435620654	13.9924919105123	13.9496422359919	14.1194770238434	14.0099569135969	14.0967168566219	14.0014500423881	13.7981907223862	13.9725842560586	13.6209121178745	14.3603121382323
14.0462230104817	14.1946100860689	14.2723430570905	14.1716669560824	13.9197786102202	14.1103503579568	14.4455312201618	14.2698792287512	13.8316709022409	13.9626664743061	14.0105861251928	13.7500262572237	14.0206175677347	14.3204096382879	14.0090933689521	13.7802450858909	13.5829065337966	14.109501021763	14.0721354446979	14.0794520049233	13.78433512021	14.2158433381052	13.9507370162793	14.158325715315	14.0171557143048
14.3070270033668	13.672830212355	14.0699683054042	14.0008876328499	14.0088146600665	14.1174605320487	14.1396559163892	14.1172552590059	13.8638660419998	14.1342785014435	13.4925679940341	13.7973994514393	14.1232208375166	14.0188860712377	13.7867642144534	14.0645441265085	14.3525404996763	14.0183619178437	14.1434264500781	13.9086608524782	14.288798266913	14.0116203727877	14.1396711620587	13.8991612767966	13.6108025442076
13.8284986693724	14.2592096001247	13.9634043052245	14.5544507100179	14.1444471845248	13.9742262513396	14.229204859005	14.2864210884955	14.023929610522	13.8182490391696	13.8781853236317	13.9644686446152	14.0280298494429	14.0044642752513	14.1759816593434	14.0892403887845	14.0788663203555	13.7401355752467	13.7801478463751	13.4927589501777	14.1002486608068	13.9404271536855	14.1508316587268	13.9322423874257	13.9446886874575
13.9955568023252	14.2456479734495	13.7878168064887	14.4122443252176	13.7558673896561	14.4167935240313	14.1182819823838	14.1273191703058	14.2971555711036	13.7311144940578	14.0740987199901	14.0519455781816	13.9363473606219	13.884550888702	13.9004181850604	13.8114521970311	14.1949989975335	13.8707635344101	14.4770363137027	14.1592186152169	13.8890875924349	13.8213155632291	14.1621283817491	14.2160073835887	14.2096204437594
14.1969164341677	13.5979440931999	13.9906298121161	14.1340509172765	14.1467006623494	13.9619330402927	14.352584527461	14.2600009595188	14.0065348997903	14.2211703021755	13.7022785752684	14.1466764051404	13.884437160227	14.0584114545092	13.9569980632038	13.9352855638021	13.9475447471141	13.8264031884252	13.5279238353923	14.4034344729851	13.9965974618148	14.189575500479	14.3312934151451	14.0126583830142	14.0303702790984
13.6063196517524	13.7274385522681	13.9819917676932	14.1912345993338	14.2987705087112	14.3271290943582	14.0890166009364	14.0595268679648	14.3215060211841	14.35804010063	13.7314252830669	14.1355014154794	14.0226034998976	13.7110014703844	13.8769588974312	14.101803844923	14.1706938620645	14.1096271013986	13.9634528241376	14.0671829448523	13.7822802365736	14.4199733662234	14.0011973119807	14.1674461636175	14.1288622395474
14.1347827790608	14.421050915723	13.8484385743062	14.3000808877427	13.9119173525636	13.9276438894702	14.0596445534121	13.9979409611396	13.6432259578309	13.5724283408682	13.7167576589206	14.0683750176968	13.8722746110287	13.8949399871359	14.0567147505898	14.4865737004766	14.0394303050345	14.1584820691303	13.8986579319304	14.3841710596942	13.958340393865	13.6490146974398	13.9109786259007	13.9646097432835	14.0675414369197
14.3184984789687	13.7095835453291	14.3270200097295	14.1100455369462	14.0781637991801	14.0488274937781	13.9294642857998	14.0034783840613	14.1111142378785	14.0750436473175	13.9341603682781	14.0735823991489	14.243292044599	13.9676346912475	14.1907160537649	13.7711797991474	14.4295418330618	13.9409425740276	13.7451263964524	13.940753491887	13.8784895681711	14.0841356355854	14.1943162869119	14.1736834597995	13.661793479517
14.043896723532	14.2269962559833	13.8781819675424	14.189562653001	13.7026484156711	13.9706671116602	13.9653250481909	13.8385429094076	14.1357854150648	13.8150369808433	13.8050951974524	14.0813358988973	13.78227938433	13.8412821776856	14.2761339569055	13.8746923339143	14.3113146668198	13.6083901744491	13.9380430470691	13.9079714641959	14.0673107736605	13.9799856909457	14.0753418854471	14.2072501252746	14.1288984504273
13.7321079203452	14.1181200512787	13.7240091581584	14.3665365191996	14.2089943471647	14.117657864438	14.1146342067682	13.8430026820394	13.9405995060437	14.0100553076399	14.345647817963	14.2081598247351	14.3105102370799	14.1177155929714	14.0870824880975	13.9483846423958	14.0061509926466	14.1053950331023	13.6543757447149	14.016600757001	14.1416231678767	13.7701229520728	14.4159333697862	14.057009547798	13.9545128772875
13.6095700624051	14.0400598725538	13.9559602672608	14.1281029060917	13.6402341682357	13.8787389200896	13.8145590471362	13.938720090594	13.9773519275154	14.1026168495319	14.2142454711933	13.5027870088843	13.8142952766918	13.9285759177723	14.0370562006938	13.861250595716	13.8435805515798	13.7947755405187	13.9384610542354	14.5083925703588	14.2156946947017	13.6375699680487	13.9328638771358	14.3388959772931	14.4733496153437
14.053256320436	13.6851153518911	13.7577653171391	14.0529582886922	14.1910396508885	13.8906037754146	13.7209849752695	13.7145742827371	14.1500277062963	14.0105368748955	13.9712644275817	13.8567595004731	13.9849423128863	13.7861410831413	13.7822121359657	13.8202536394948	13.9480952057566	14.1730084720326	13.8307317650697	13.5032549084205	14.1006226053093	13.8909075425188	14.1338072732779	13.9569759101235	14.2351757264254
14.1314887730571	14.2687054313732	13.920334192103	14.0145460295004	14.4238557907097	13.9443823937746	14.1186136804052	13.9697909161676	13.7446794516148	13.9882872891852	13.9949825212248	14.1555512830126	13.8501471628432	14.0644180243433	13.8150847366942	13.9624813354482	14.1829527141626	14.0700185647335	14.1649417655409	13.9862652992352	13.9671917849643	13.8372877661084	14.0770181281405	14.1092705279814	13.7807193822152
13.7506674076886	14.1746144146581	13.8731700655072	13.6552412036158	14.1853015530651	14.0993154071503	14.2914064863549	13.9846972039395	13.9999243902294	14.2598802938015	14.0647172877779	13.8623645796782	14.3414162530546	14.3089379931482	13.886483109593	14.2048912823354	13.5050388934596	14.2992876712348	14.3586162688184	14.0014504517023	14.157392565037	13.6876516265647	13.8542341412842	13.5883550417257	13.872553046542
13.9629780479102	14.3035286603218	14.1087172125666	14.2434982403541	13.8393717640203	14.1504203105122	13.8681753624091	13.9228671681597	14.0072250894334	14.5250732780718	13.8973777854608	14.0162005406027	14.1510136441459	14.1647628899954	13.7575768981673	14.1603647674741	13.8771155695532	14.4096612291411	13.9138298762122	14.0940916018561	14.3262412090334	13.5639715859328	14.1491454718389	13.9736090228053	13.5412843002863
13.8496153112233	13.9033388839805	13.6349529578502	14.4586264734536	14.0448635346495	14.0937030032958	14.0014694235084	13.967383454804	13.912301003272	14.2544461353024	14.1296954890877	13.7552384543879	13.8515804758331	13.5963013170192	14.0548459223554	14.2823954766982	13.8410819332531	14.0087855162813	14.2358963413568	14.1031958641805	14.0692565751235	14.4035748136843	13.9771853184026	13.9312496743879	13.9636224511341
14.1554677157336	14.5345527307045	14.0356119540104	13.6414041245109	14.2814864491143	13.9405983127681	14.2326749941845	13.9426552717426	13.7322499450016	13.911554966744	14.1513332897325	14.1811668654514	14.080720210989	13.8800930774121	13.9599385963644	13.9046000555267	13.9855772316695	13.9100916123364	14.0402871523302	14.2388565898354	14.1535623126911	14.0125568222668	14.0445643608616	14.0592691091871	13.8353207432248
14.1219243567184	14.0739383054571	14.0699695244816	13.9592630868232	13.8512668745205	13.9528588296307	13.8241135534058	13.9421801137239	13.9287021181246	14.0114814830919	14.1616066737663	13.7495833157736	13.76431372902	14.3013610311386	13.9469946346261	13.7784219193831	14.2117951881309	13.9105657721488	13.8124143159886	13.8477096825085	14.0571060015296	13.9725685300223	13.8916871409867	13.8249908607326	14.2021374308398
14.0766938221102	13.6509660532329	14.0094080713806	13.9591618346112	13.8368423398769	14.2834559943896	14.0330455546884	14.1034186356041	13.9215638506641	14.1500532413582	13.8737245075961	13.9173117280847	13.8474181743778	14.0900700265994	14.0922002377464	13.9181902686693	13.8290333490672	13.8456266967912	14.0387299867804	14.2413979676869	14.2113638413307	13.9831288123874	14.0624640507506	13.9052087471579	13.7638277276715
14.2262399866927	13.9793942180714	14.2489048477618	14.1992698545407	13.7908435254618	13.795919697184	14.0427443249336	14.1660494522664	13.9629476983629	13.9874697071548	14.1071861826696	14.2331306952945	13.9548011869472	13.7810454467111	13.9150808988422	13.8113864712034	14.0380267485484	14.1066588645008	13.9078199580985	14.1066262328447	13.7272393691261	13.9661117441061	13.9901005974612	13.77343283544	13.8934635136348
13.6850122121616	14.0322416829365	13.8802285894985	14.0897117461946	13.9054406749039	14.1558142051603	13.9256458428755	14.1884920599775	13.9886499793993	14.3850047383903	14.0119838217049	14.0762541594876	14.1543302496917	13.7889667730091	13.6167100544146	13.8291275756304	13.7248312839661	14.1970791152055	14.1412823396189	14.5462488289414	14.1266866370564	13.6475157291837	14.0614846374347	14.3299152806199	13.5559086178249
14.0215850460802	14.0279597184116	14.0358048246075	14.2609971599414	13.9388496830814	14.0757008080316	13.8589290803505	13.9594349979564	14.1053316819104	14.2077639858435	13.7724816406015	13.9702103407997	14.2151316815464	14.1007256200327	13.6106842553838	13.9529427612747	14.2641230776191	14.0168705567472	13.8677445393349	13.5076147872696	14.069904112544	13.974275254819	13.8210912196822	13.7543304681538	13.7764767905301
14.1194924836518	14.0965891333592	13.8285991017244	13.9343919835376	14.1730148131036	13.7673724085898	14.1677164124064	13.8677400419722	13.8870436794987	14.2070879081801	14.4658395600077	14.0355098272583	14.1798152520498	14.3848924969451	13.8764256807864	14.0305035035315	14.1582669852032	13.9312902040725	13.9250683892774	14.0096505554285	14.1118582108438	14.1018169523315	13.5109440818754	14.210044582372	14.0305999681228
14.0729301417553	13.9032209135683	13.5705912426059	14.0456131083096	14.051781078729	13.6635353969736	14.2760686432134	14.2129946498513	14.3163560045625	14.1331079561513	13.9003235032034	13.9391288927769	14.0557071142936	14.0958825662478	14.3498816019089	13.8053905856714	13.7719514017112	14.3745208513546	13.4464796776803	13.9108277495723	14.000512811252	14.1857145797479	13.9690160753797	14.2548200305108	14.012089441635
13.7031894093922	14.1242093164029	13.9437594993954	13.9896245348125	13.8440561262095	14.1842236201277	14.1400620424937	14.0992007191247	14.0124182430945	13.7062269457118	13.933494216316	13.8199965456665	14.0932716667607	14.0525662292625	13.7839940648175	13.5440639846164	13.8757562743274	13.9475224432934	14.1631855303278	13.7222153902866	14.3357431969823	14.3252544184375	14.3546263161697	13.8673785102997	14.0877309163683
14.473415406471	13.9437320670583	13.6394214829412	13.8322910813306	13.9652138773574	13.7210298965851	13.6360515030702	14.1769218366673	13.7369117333526	14.0398289369771	14.045010112298	13.977689809127	14.045572045558	14.0239564549405	13.6897352959066	14.0198755011072	13.8742501868384	14.0647747770342	14.4168364795104	14.1182386337961	14.1452915914963	13.8461108935699	14.0331588923315	13.9362448392813	13.9578458984449
14.112850937115	14.141588222276	13.6754177393269	13.9041485440811	14.0249384957494	14.0962522740743	14.0827814349069	13.6457407000571	13.9356286505356	14.086263905469	13.9727807159035	13.8994929427573	13.8903112237038	14.2402114855975	14.0588024888622	13.9387869697533	14.0744549626014	13.6992615812906	13.3868806740895	14.0593969070365	14.2415278251085	14.0233586096789	14.0713843601305	14.1387205482444	14.1732411562508
14.9483540768812	15.1077045834883	14.7967321815386	14.9099743452444	14.6070297921501	14.9631011729313	14.9916380632832	14.7926359115914	14.7061993432509	15.1940982905851	15.0147592319415	14.7389156462488	15.1140356794087	15.2453700483804	14.8462820153174	15.0713325462467	15.1197206799653	14.9014899992685	14.8675427246207	14.7014962097532	14.8459752006418	15.3576819682366	14.9583155362913	14.6406679222899	14.8236394607779
15.3761906389854	15.0965177439313	15.1083222478439	14.9783436752999	14.8176395977314	15.0460888516054	14.9087848973223	14.9618710175497	14.969475238131	14.8581377949744	15.0906256874661	14.987418177199	14.8044303034375	14.9589980578527	15.1019112069694	14.7858699217186	14.9374272157016	15.1104452327659	15.2249969188635	15.1260307274011	15.27105785553	15.1917386389599	14.9501583821731	15.1840610582122	14.9553022957291
14.7282686383003	15.1978924559713	15.2067398309417	14.9919017803162	14.8825197089635	14.8046603912498	14.5801639742098	14.8003232328416	14.519296766288	15.1985458024689	15.29357146263	15.1226431219885	14.8134641057555	14.9495198128019	14.8840434955406	15.2629505244968	15.2822774055576	15.2045689763884	14.9891339452625	14.6646942290014	14.661165152381	14.9147457654051	14.9548618625801	15.0811487584134	15.3426692134353
14.7959091687087	14.7132027120749	15.0384722606508	15.0187151892566	15.3714467008274	15.0440976393554	15.0897640032811	15.0800176204436	14.881656579312	15.0631679618415	15.0245627665629	15.3328408430517	15.2180254959825	14.5338843156391	14.92362072912	15.1572161196319	15.0452296261202	15.0562096954496	14.8263000162211	14.9409957252966	14.7265745743302	15.244356219196	14.8209474237348	14.9263051356044	15.0949181270967
14.9684696202503	14.9489216076907	15.0190074622698	14.9867286208634	14.8935890117549	14.8051469570741	15.1624057656445	14.9174446032034	14.7535816262613	15.0590251199112	14.8785170577051	14.743560380902	14.6643555101696	15.1063416082387	15.4500305217182	14.8162136682185	14.8815677153915	15.0853007061266	15.3367446848593	15.2110003885014	14.9662078477035	15.0853568510773	15.2857202254503	15.1574621721637	14.9258575952827
15.2927525595563	15.0945237898753	15.2118989058442	14.6538816427883	14.8300787622919	15.0965966699697	14.6646504081674	14.8573783953719	14.8981260121169	14.6964186571913	15.085501793062	14.6557749492907	14.7337112595578	15.0099510771343	14.8269342459018	15.0108882167624	14.9581359806469	14.8708512319262	15.1570115331965	15.2152662732987	14.8810183166459	14.8596824296276	14.8652395256311	15.2676064001979	15.0228614157959
15.1577623771214	14.9754142585042	15.4164476262301	15.1489541165741	14.761808922377	15.0937139424635	15.0769181740977	15.1596425719201	15.2226713499769	14.7324728964879	15.0418707452221	14.6325255371506	15.0224337306331	14.8022333681127	14.7970645625403	14.6793723876815	15.1549243752326	14.5842261609515	14.9333636690147	15.0631468866054	14.7505887396707	14.822659202932	15.0759925825072	14.9970353425215	14.9361369990156
15.0130570502371	14.6534431121151	14.9895053600826	15.0844801593237	14.7323794255655	14.9136292691294	14.2421627278109	14.9074980357377	15.0886999455687	15.1705076608357	14.7746201368456	14.7705494850045	15.1389391271395	15.2444275298618	15.1919421475921	15.1025143469251	15.2172355957994	15.0790547988344	15.0539862020918	14.6048605765751	14.8415313494135	14.9437706899766	14.8665540239667	14.8054424504139	15.1256613883475
14.910325233234	15.1008962381546	14.7084760456124	14.9826278488238	14.7622916577764	15.0879910453895	15.2844851184383	14.5675589190115	14.7900082240169	14.6950716496438	15.1291915920515	15.5646567355649	14.8026444741138	14.834842491167	15.1221750887181	14.7786650542576	15.0487359565663	14.8879051428183	14.9827829458252	15.0789799267911	15.0487203531808	14.926090754881	15.394970214959	14.7058751725783	15.1272700278154
15.0996091687073	15.127934377731	15.26205119218	15.224451269156	14.9034662316975	15.0679181308781	14.8997807898753	14.9909749369025	14.8734165337139	15.0106024523148	14.9686026222114	15.0463887243185	15.1947568453211	14.9400303015941	14.9980484715502	14.6465192741183	15.0509720878335	15.405423099468	14.9358077373858	15.1253223199026	14.8379298104534	14.5259140241194	15.0515767759975	15.2588543409368	15.0770049080649
15.2051317398951	14.9162382839804	15.1989434725671	15.1252164681131	14.7855177300383	14.9504081959106	14.6600046616565	15.1108075330442	14.9527538006437	14.3838818197964	15.0814925480914	14.9748755121021	15.0796506087183	14.7776864877176	15.0918665117328	14.8173604308768	14.9695429204975	15.0004192667062	15.1719039085409	15.3665268116315	15.0077470593729	15.224889239683	15.3386645107076	15.2665944665946	15.0244312341507
14.8273457399967	14.6741216169807	15.079478641485	15.3536887563354	15.2143522458786	14.6196335731685	14.9447256685118	15.3247797055161	14.8176334992589	15.0731301804123	14.7869748990383	15.6387373785083	15.3734684643647	14.5300880460893	14.9337865104807	15.1538530205799	15.1541835360824	14.8548764527206	14.9952486784012	14.7231814122132	15.0034342759416	15.1654680611092	14.9118924654798	15.0379101528847	14.7524429182004
14.8306761525204	15.0186617898744	14.8567814208172	14.9939265365008	15.2914869696939	15.1745158808457	14.7826070794468	15.2299278006873	14.8694883020915	15.2688442209049	14.8638151504073	14.8992618688717	15.1948863991555	15.4021982036983	15.0479537412089	14.8248581908611	15.4033507821725	15.3921653725417	14.912409054345	15.471837994312	14.945072662291	14.8707576091818	15.0180773221906	15.0323992102315	15.0298734447251
14.9560254696663	15.2021983700908	14.9091564174399	14.9005428677687	15.5719381533743	15.0518139953758	15.4145796511522	15.1314402351904	15.2078080214835	15.0677182433084	15.1152613324453	15.2272127603748	15.0002904751535	15.1421395556703	14.7627126362756	14.9643715303009	14.9596484840679	14.8604359861498	15.2742220221755	14.8649362601241	15.2105859189427	15.0238346738113	15.002303437729	15.1812919556418	15.1282799858805
14.9786241971699	14.5435626455351	14.8997516673679	14.8366371362493	14.8554921364807	15.3551429045305	14.8992353587405	15.0320190469452	15.2843273856751	15.0247066627724	15.0718574236242	15.0374033958291	15.2974853708626	15.0914127326204	15.0479802637443	15.0337888291713	15.3906159424777	14.762844573967	14.7926974033056	14.6261191131353	15.1674883549794	15.1859539593269	14.8283866756858	14.5608235262558	14.9365642811322
15.1373653057591	14.9277436736334	14.7067624929978	15.0338520924465	14.9792693173554	14.993027003875	14.8330546049006	14.9364302469667	15.321612849266	14.894700453824	14.8461876849137	14.7282855011717	14.7748478595403	15.1627898610361	15.0360699871139	15.0188294800717	14.7302384998533	15.1443867792182	15.1030714544348	14.9937965307902	15.1461000315796	14.855746851275	14.8259429332708	14.8144995010761	15.2400996985401
15.2651908657126	14.9213141420688	14.9272831180765	14.9835653399137	15.4319631010182	14.4902060816127	14.8522733837372	14.8410715715395	14.9307924235024	15.3072545162371	14.4936203356611	14.4026490280782	14.8816091988869	14.6257867078345	15.383068719312	14.9861940124163	14.8741950415953	15.0718487271671	15.1618007353951	14.8101566061024	14.6044591863747	14.9970441893693	15.1209031329389	15.1881103394169	14.8431849834254
14.8904045973261	14.74730558516	14.6968858575707	15.1941044292063	15.3478781085682	15.0548087618656	14.9996790998744	14.9799655332494	14.8049306277992	15.1289798572813	14.9871213564559	14.6337259963657	14.9128654622103	14.7032758170292	14.9003489197453	14.9955509394828	15.1136863936586	15.3903025095863	14.8907759225548	15.0417747235726	15.1990059103958	15.0247128718404	14.9586370821108	15.0120046663085	15.2172871684233
14.6857763717775	15.1827514564081	14.8572414282093	14.7660811587085	14.5954994598558	15.2096731862293	14.8849721041304	14.6804093897233	14.998829996737	15.2255659648028	14.8831824568387	15.1113082971889	14.8444877807372	15.0717408546971	15.1905002386518	14.7061747138101	15.3559544796011	15.2157827357027	14.683617057738	15.1756663666606	14.7650841273765	15.2263459141888	14.8177278750172	14.9232656280649	15.089980444965
14.9882419772018	14.9143273975584	14.9910881835211	14.8963264112978	14.7909172361487	15.1172985185868	15.1208925281626	14.9976427591908	15.0285567635196	14.9912988508878	15.0665033817077	15.2718308410602	15.071317708106	14.920790800596	14.9747177104519	14.9812831402997	14.8125663393955	15.0289760881828	15.1922472309176	14.8778433791235	14.9814536052242	14.7006878462078	14.9802781778624	14.9706395080818	14.9731376012075
14.8328420403712	14.8530992108553	15.1802767399655	15.2439058886644	14.8759224129087	15.0897067745977	14.9944343841132	14.9286774158024	15.0032783388722	15.170684741076	15.1125342708473	14.5625667376115	15.2833434135399	15.0612966194881	14.6887499351163	15.1613530384212	15.0941948979835	15.0280733159862	14.8025301582111	15.0019424548475	14.9608700918798	15.0767185492105	15.0677251108327	15.3894730643866	15.2672674999937
15.0757605678482	14.9277715651747	15.2153560164991	14.9065082436506	15.1758604294543	15.0214038192556	14.9712957425616	14.8512174218438	14.9854012528781	15.2184058473049	14.939312349335	14.8121244985385	15.2179874743369	14.657400648888	14.8245497409712	14.9509043284457	14.7257141114625	15.0928884356207	14.7232941600787	14.7619327847353	14.9534090650715	14.788501314468	15.0010289372078	15.4842931676455	14.9585018852645
15.2519511861784	14.6393150886935	14.6132552409019	15.1211124680773	14.697223506123	15.0244213086848	14.7569912645957	15.2793695093573	14.5472858542837	15.0207916108108	15.1668558167001	15.2404333687407	14.7800036676561	15.0841134328286	14.9656938213072	15.0660167946175	15.2633344544658	15.1326299148236	14.7739767267774	15.1012876230057	15.2300470084301	15.1134743018809	15.2886240443901	15.1147708936282	14.7795952883195
15.2446645674972	14.9249393879844	15.168173793465	14.9615994277076	14.8141860847996	15.2158795315427	15.2409149989495	14.8262923231283	15.402787079708	15.1059136691163	14.9060117482127	15.06549145732	14.9259077050461	14.9564239721	15.1221471603732	15.2367470103458	15.1804576158855	15.1645878256494	15.0156632697453	15.0531417899152	14.7680053126665	14.8918452535059	15.0873940775138	15.16638220639	14.7608473714417
14.8230762377322	14.6480284631025	14.7622695778029	14.7796349816406	14.6916510594245	15.1654791354792	15.0527215706144	14.8655525377165	15.0294824516718	14.7860214498658	14.5970627034144	14.9026940174658	14.7443258099273	15.0557035082323	15.2151511794599	15.1350212566102	15.0593770313014	14.5698140985266	14.7718947917016	15.1370088687988	15.1586962034409	14.8881808503016	14.9466508588275	14.613437225785	15.1594622913042
14.9983440064066	14.8125081099787	15.1072750958403	14.8398768366267	15.0871967665586	14.9227339546502	15.0269020280259	14.9491542423716	14.8303853874923	15.2772522207954	14.7890953009633	15.2995293390446	15.2864231691361	14.8409698805087	15.1980735005411	14.6492149995331	14.9725228815888	14.8937377958451	14.9929758791802	15.3639611425503	14.661184631046	15.1792855745952	14.8447434814408	15.1252662135201	15.1559038820301
15.4079046460601	14.9508004434812	15.0101015401495	15.0741274628649	15.2978028439625	14.9961284463632	14.867484755922	15.0182742164292	15.2908660958544	14.6370238304271	15.0955698995336	15.0829331690798	14.8790224085873	14.9934391310312	14.9893998104387	14.7151218317135	14.9954256532526	14.9790733076095	14.9513510641847	14.878555647391	14.8508269630723	14.9046269111526	14.6663650494408	14.959795891747	14.9737103723792
14.6688289727307	14.9675041781509	14.9739378886326	14.5954162134815	14.5562988438798	15.2656935117757	14.8771427475449	15.1750820837731	15.0230312326668	15.079347450937	15.0405593643525	15.1809249151427	15.2849438534155	15.0932693252212	15.4890634496268	15.1136123012668	14.7416373600611	14.8763830810002	14.8844056336957	14.8301782232334	15.2483707409292	14.8557502104309	15.1823733770257	14.9956824826813	14.9723120192322
15.149713743274	15.2308521644566	15.0141268345718	15.0489413469848	15.0484574547024	14.7677886058265	15.0869788907656	15.0050382593509	14.9669986491417	15.002902376024	15.2314809217944	15.3130372887328	15.0439295904574	14.714010083976	15.0814277467795	15.2153650629486	14.8881212889009	14.7939596204441	15.0712609867592	14.9062617171183	14.6602043634427	14.8648998513905	14.7857022589632	15.3553723453236	14.9424177745342
14.7696461106926	15.1411372453271	14.2989092618828	15.1704353194656	15.0020488444118	15.2892296277276	14.9557984921747	15.0996095323842	15.1130029481302	15.2009088523504	14.7947682238648	15.0115858724975	14.7151720131934	15.0684370222264	15.3005868724542	15.2875043132701	14.6692975836245	14.8679613686401	14.8300723110012	15.0888646818305	15.3273779339243	15.0108960708236	15.0288136469104	15.0461302231265	15.3228236280423
